Intrinsics:
  ptr_wrapper:
    id: 2147483649
    data:
      ACCE:
        BIAS:
          r0c0: -0.02579894040715746
          r1c0: -0.02358216946980235
          r2c0: -0.08526199452557809
        MAP_COEFF:
          r0c0: 1
          r1c0: 1
          r2c0: 1
          r3c0: 0
          r4c0: 0
          r5c0: 0
      GYRO:
        BIAS:
          r0c0: 0.001211869449100456
          r1c0: -0.00107193171195582
          r2c0: 0.0006727636318550157
        MAP_COEFF:
          r0c0: 1
          r1c0: 1
          r2c0: 1
          r3c0: 0
          r4c0: 0
          r5c0: 0
      SO3_AtoG:
        qx: 0
        qy: 0
        qz: 0
        qw: 1