Intrinsics:
  ptr_wrapper:
    id: 2147483649
    data:
      ACCE:
        BIAS:
          r0c0: -0.004821548954783664
          r1c0: -0.01737254689962766
          r2c0: 0.01302445426322006
        MAP_COEFF:
          r0c0: 1
          r1c0: 1
          r2c0: 1
          r3c0: 0
          r4c0: 0
          r5c0: 0
      GYRO:
        BIAS:
          r0c0: 9.889946899075661e-05
          r1c0: -0.005650918155322166
          r2c0: 0.007977750843398844
        MAP_COEFF:
          r0c0: 1
          r1c0: 1
          r2c0: 1
          r3c0: 0
          r4c0: 0
          r5c0: 0
      SO3_AtoG:
        qx: 0
        qy: 0
        qz: 0
        qw: 1