Intrinsics:
  ptr_wrapper:
    id: 2147483649
    data:
      ACCE:
        BIAS:
          r0c0: -0.007580331127681722
          r1c0: -0.01817304527418036
          r2c0: -0.08665821571988321
        MAP_COEFF:
          r0c0: 1
          r1c0: 1
          r2c0: 1
          r3c0: 0
          r4c0: 0
          r5c0: 0
      GYRO:
        BIAS:
          r0c0: 0.001521632273385335
          r1c0: -0.0008864082099974128
          r2c0: 0.000556172903466534
        MAP_COEFF:
          r0c0: 1
          r1c0: 1
          r2c0: 1
          r3c0: 0
          r4c0: 0
          r5c0: 0
      SO3_AtoG:
        qx: 0
        qy: 0
        qz: 0
        qw: 1