Intrinsics:
  ptr_wrapper:
    id: 2147483649
    data:
      ACCE:
        BIAS:
          r0c0: -0.02096571487306667
          r1c0: -0.01150825787095511
          r2c0: -0.083916817482187
        MAP_COEFF:
          r0c0: 1
          r1c0: 1
          r2c0: 1
          r3c0: 0
          r4c0: 0
          r5c0: 0
      GYRO:
        BIAS:
          r0c0: 0.001413010703159149
          r1c0: -0.0005518438980068745
          r2c0: 0.0006146305022182702
        MAP_COEFF:
          r0c0: 1
          r1c0: 1
          r2c0: 1
          r3c0: 0
          r4c0: 0
          r5c0: 0
      SO3_AtoG:
        qx: 0
        qy: 0
        qz: 0
        qw: 1