Intrinsics:
  ptr_wrapper:
    id: 2147483649
    data:
      ACCE:
        BIAS:
          r0c0: -0.001022051893612131
          r1c0: -0.01198959032902177
          r2c0: 0.0132378643271701
        MAP_COEFF:
          r0c0: 1
          r1c0: 1
          r2c0: 1
          r3c0: 0
          r4c0: 0
          r5c0: 0
      GYRO:
        BIAS:
          r0c0: 0.0002467883266312278
          r1c0: -0.005709842255056342
          r2c0: 0.007875356297364527
        MAP_COEFF:
          r0c0: 1
          r1c0: 1
          r2c0: 1
          r3c0: 0
          r4c0: 0
          r5c0: 0
      SO3_AtoG:
        qx: 0
        qy: 0
        qz: 0
        qw: 1